11 1 122.332 0.2234375
8 1 189.346 0.0698135198135
5 0 112.945 0.0
6 0 195.338 0.5
2 1 140.087 0.326470588235
9 1 105.079 0.0928571428571
9 1 140.836 0.298051948052
4 0 170.922 0.420588235294
1 0 89.256 0.208803258145
9 1 128.059 0.2
9 1 113.737 0.345399573971
0 1 130.639 0.0681818181818
2 1 202.66 0.0
2 1 101.959 0.1
1 0 150.684 0.195104895105
1 0 183.641 0.9
4 0 106.013 0.0847222222222
7 1 79.994 0.0168376415251
7 0 121.742 0.33630952381
2 0 150.044 0.189772727273
10 0 204.959 0.0
2 1 95.006 0.38
2 0 154.645 0.170219435737
0 1 127.141 0.0
0 1 128.711 0.0
6 1 166.507 0.0192158784612
0 1 132.579 0.0
1 1 61.851 0.45
7 0 93.739 0.55
7 1 119.013 0.124662162162
9 1 153.706 0.0
7 0 185.001 0.0833333333333
5 1 159.094 0.0
9 1 208.992 0.0
2 0 96.359 0.8
0 1 117.002 0.0769047619048
2 0 122.981 0.0357142857143
2 1 94.988 0.0
7 1 45.003 0.0
5 1 113.646 0.303035714286
2 1 158.004 0.0928874458874
0 1 104.83 0.771428571429
7 1 189.978 0.277777777778
4 0 126.597 0.354166666667
5 1 125.99 0.0
6 1 115.023 0.120779220779
7 1 186.603 0.196803196803
0 1 168.203 0.343382352941
6 0 179.839 0.203373015873
7 1 161.673 0.231272893773
1 0 94.606 0.5
0 1 74.34 0.05
7 0 122.084 0.326344086022
1 0 126.721 0.245701058201
1 1 138.167 0.282449494949
7 1 132.381 0.24
9 0 102.101 0.323008422737
7 1 120.168 0.0624125874126
4 1 130.235 0.172
2 1 92.713 0.0
4 1 104.229 0.0522727272727
10 0 165.106 0.0
9 1 91.444 0.16875
4 1 156.2 0.123333333333
6 1 135.047 0.00196078431373
0 1 84.863 0.0777777777778
9 1 144.625 0.0559920634921
3 1 92.414 0.18
0 1 91.682 0.0368686868687
9 0 148.942 0.012619047619
2 1 96.975 0.063456937799
0 0 91.683 0.384285714286
9 0 146.678 0.110795454545
9 0 110.061 0.212121212121
1 0 101.314 0.00352252685586
0 1 111.626 0.481818181818
7 1 136.06 0.207272727273
9 0 75.367 0.0577179962894
9 0 160.521 0.283333333333
10 1 111.182 0.04
9 0 164.012 0.25
7 1 135.053 0.359027777778
2 1 136.085 0.3875
7 1 87.932 0.15
4 1 146.161 0.173941798942
9 1 102.485 0.0
6 1 85.608 0.05
8 1 75.473 0.176666666667
9 1 147.355 0.178125
5 1 115.004 0.283333333333
0 1 89.552 0.222222222222
2 1 160.135 0.8
7 0 165.975 0.14
9 1 97.925 0.199702380952
2 0 110.318 0.181944444444
2 1 152.318 0.0871428571429
6 0 172.961 0.116865079365
7 1 95.407 0.327777777778
11 0 173.32 0.204081632653
6 0 51.303 0.35
0 1 135.067 0.0864448051948
9 1 82.852 0.0
0 1 119.972 0.0834154351396
7 1 119.864 0.0411111111111
7 0 127.549 0.17
2 0 114.989 0.0
2 1 209.064 0.06
0 1 76.452 0.211088911089
9 1 111.712 0.10380952381
8 1 142.957 0.0862637362637
10 0 0.0 0.141964285714
7 1 101.843 0.195227272727
7 0 124.841 0.107142857143
7 1 92.049 0.019696969697
11 0 94.569 0.0047619047619
10 1 137.335 0.125657894737
4 0 125.153 0.125
0 1 67.968 0.049898989899
4 1 103.98 0.0925925925926
6 1 126.954 0.0208333333333
4 1 109.13 0.00459770114943
0 1 246.682 0.333233082707
7 1 107.17 0.216666666667
6 1 90.12 0.0
7 0 82.361 0.0
6 1 88.008 0.052380952381
10 0 124.324 0.484782608696
1 1 163.475 0.4875
7 1 151.787 0.139187327824
0 1 51.766 0.0
0 1 122.464 0.164772727273
0 1 156.976 0.251231060606
4 0 98.315 0.194874338624
6 0 147.115 0.05
4 1 118.126 0.0
5 1 111.129 0.056456043956
2 1 162.69 0.30625
9 0 98.034 0.0408143939394
1 1 160.579 0.37619047619
11 1 95.874 0.222727272727
9 1 161.99 0.1875
2 1 125.196 0.277272727273
0 0 88.982 0.0
11 1 94.445 0.51875
6 0 167.982 0.0578431372549
7 0 117.904 0.392884337884
7 0 98.797 0.277272727273
1 0 181.001 0.136212121212
11 0 135.211 0.379166666667
7 1 141.712 0.229166666667
4 1 152.283 0.151275510204
2 1 152.99 0.0820833333333
2 1 160.442 0.0
10 1 125.025 0.375961538462
11 0 157.05 0.241836734694
2 0 167.791 0.0
6 0 105.209 0.0208758503401
3 1 135.124 0.14521780303
6 1 238.971 0.0
8 1 109.161 0.0
6 0 200.995 0.395238095238
7 1 90.655 0.03123885918
5 1 144.91 0.345238095238
10 0 88.864 0.193636363636
9 1 118.404 0.372222222222
2 1 120.002 0.266176470588
4 1 93.042 0.353623188406
1 0 127.905 0.335294117647
1 1 85.999 0.234642857143
7 1 103.011 0.157792207792
7 1 94.915 0.0
11 1 143.988 0.171153846154
6 1 178.412 0.0
0 0 66.584 0.192857142857
2 1 99.094 0.180952380952
2 1 120.485 0.047027972028
1 1 156.117 0.0
7 1 105.096 0.180519480519
7 1 100.023 0.0
8 1 116.987 0.16625
7 1 165.958 0.0806318681319
9 1 149.325 0.1
7 1 100.177 0.25984375
9 0 92.015 0.156060606061
2 1 93.4 0.0333333333333
5 1 98.011 0.274786096257
9 0 116.833 0.0
2 1 116.3 0.0785714285714
10 0 93.656 0.00785123966942
7 1 91.936 0.065625
0 1 164.345 0.358333333333
2 0 124.881 0.0523650369239
5 0 115.075 0.0
7 1 90.251 0.25
10 1 150.095 0.0
9 1 136.962 0.225
8 1 204.549 0.0281027667984
5 1 128.539 0.155681818182
10 0 192.013 0.0800672541744
0 1 119.969 0.0480654761905
2 1 125.983 0.4
10 1 110.947 0.0
3 0 174.027 0.0
5 0 181.375 0.2
2 1 104.993 0.5
11 1 118.577 0.0
11 0 120.053 0.290404040404
9 1 149.029 0.0320075757576
11 1 158.039 0.0
4 0 85.612 0.08
4 1 44.086 0.143887147335
0 0 134.997 0.219944341373
4 1 137.971 0.356519138756
8 0 88.004 0.252525252525
0 1 119.602 0.0
0 1 99.899 0.0
7 1 130.048 0.345025510204
2 1 127.725 0.0
6 1 165.404 0.0285714285714
0 1 131.962 0.15
6 0 140.049 0.0
7 1 188.355 0.148558897243
0 1 158.076 0.0
1 0 134.068 0.05
4 0 78.404 0.0959539270254
0 1 67.843 0.0
9 0 84.8 0.0395813863556
8 1 154.039 0.288888888889
7 1 92.997 0.26231884058
1 1 242.001 0.5
5 0 170.043 0.0
5 1 136.157 0.0157894736842
11 1 148.169 0.0291666666667
0 1 93.0 0.0
0 0 105.772 0.192745535714
2 1 135.004 0.782352941176
5 0 158.726 0.00865384615385
2 1 124.594 0.0953571428571
2 1 116.543 0.173333333333
11 0 157.923 0.0030525030525
0 0 135.684 0.5
0 1 79.121 0.228571428571
4 0 150.006 0.0349848484848
2 0 149.662 0.0
2 0 118.842 0.259523809524
11 1 91.967 0.158333333333
9 0 0.0 0.0916666666667
10 1 112.642 0.0286983849484
7 1 119.884 0.181666666667
0 1 126.281 0.249025974026
6 1 168.829 0.15
2 1 94.582 0.0
0 1 178.318 0.122619047619
2 1 131.023 0.0852272727273
9 1 140.869 0.0183823529412
9 0 111.016 0.0524242424242
4 0 131.417 0.484090909091
10 0 193.963 0.0
2 1 155.035 0.143518518519
7 0 95.959 0.0921227581942
2 0 130.829 0.399047619048
9 0 99.92 0.169472502806
4 1 116.718 0.15
8 1 223.837 0.0
11 1 227.056 0.172222222222
0 1 166.11 0.1
7 1 94.976 0.155881618382
2 1 133.619 0.0
4 1 152.563 0.35156402737
7 1 118.014 0.15
1 1 84.081 0.258928571429
4 1 139.666 0.198636363636
0 1 70.708 0.0
2 0 121.897 0.116666666667
5 1 119.657 0.169047619048
6 1 124.088 0.175
9 0 171.745 0.025
9 0 124.951 0.175
1 1 60.214 0.399374049374
5 0 194.208 0.0
10 0 85.029 0.0515151515152
7 0 166.112 0.0
9 0 99.807 0.141666666667
0 1 96.002 0.0
5 0 129.984 0.164285714286
6 0 121.629 0.171610750361
4 1 157.449 0.259841269841
6 1 200.364 0.280714285714
4 0 180.71 0.0
9 1 85.901 0.157207792208
5 1 155.011 0.28
0 1 149.104 0.506344984802
11 0 95.17 0.04
2 1 116.933 0.0166666666667
7 1 105.02 0.228715728716
3 0 173.396 0.0544871794872
1 1 78.33 0.0234375
1 0 146.982 0.230952380952
7 1 84.832 0.226785714286
11 0 126.989 0.0
1 0 140.215 0.152564102564
4 0 92.641 0.35
5 1 77.309 0.0
2 1 177.037 0.145238095238
8 1 195.161 0.233333333333
7 1 120.214 0.0505263157895
7 1 128.916 0.0601674641148
11 1 90.58 0.35
6 0 129.323 0.162244897959
11 0 111.211 0.0
10 0 125.821 0.275
7 1 175.926 0.347802197802
10 0 120.119 0.15341991342
0 1 80.726 0.291666666667
4 1 111.48 0.183151059467
8 0 109.167 0.5
2 0 63.229 0.0304395604396
10 1 109.47 0.0
2 0 105.401 0.2
10 0 96.207 0.25
8 1 131.918 0.55
2 1 174.728 0.0
11 1 111.056 0.428911564626
8 1 108.886 0.146941352298
6 0 105.141 0.21801242236
0 1 89.076 0.0
2 1 106.17 0.05
9 0 140.856 0.163571428571
7 1 113.958 0.382142857143
2 1 86.983 0.5
8 1 133.35 0.133333333333
7 0 82.001 0.407422969188
4 0 111.924 0.383752417795
1 1 90.08 0.0334523809524
0 1 95.037 0.12447979798
2 0 160.199 0.212299465241
7 1 159.984 0.0
1 1 150.139 0.121428571429
11 1 137.444 0.180555555556
1 0 83.669 0.0776936026936
9 0 161.698 0.0309523809524
10 1 99.353 0.5
0 0 127.976 0.111177248677
7 1 197.918 0.210952380952
4 0 147.971 0.131515151515
6 0 120.008 0.4625
9 0 88.264 0.0
5 1 121.888 0.43
0 1 93.316 0.0741666666667
7 1 92.718 0.269206349206
4 1 127.274 0.5
9 0 122.017 0.0813852813853
10 1 134.656 0.00734848484848
4 0 121.292 0.0
7 1 91.54 0.0516483516484
10 1 132.428 0.0234523809524
8 1 96.719 0.0
7 0 147.457 0.116111111111
1 1 172.838 0.0101449275362
1 0 100.059 0.126958525346
1 0 93.01 0.107643398268
9 1 86.633 0.129292929293
9 1 149.987 0.443103448276
4 1 111.606 0.6
3 1 131.616 0.285
0 1 156.059 0.0
4 0 147.877 0.316388888889
2 1 145.693 0.0778571428571
1 1 152.173 0.484867306606
2 1 112.51 0.284285714286
8 1 95.142 0.13
7 1 124.393 0.0
2 0 88.329 0.16
7 0 101.022 0.0
0 1 83.986 0.0
0 1 108.139 0.0618055555556
7 1 128.972 0.299669312169
9 0 106.064 0.05
6 0 132.123 0.0409696969697
2 1 114.298 0.277678571429
2 1 123.754 0.345454545455
8 1 136.927 0.157692307692
1 1 120.175 0.151988636364
7 1 151.822 0.0530303030303
7 1 108.985 0.138264339827
7 1 82.198 0.0
6 0 141.955 0.0670634920635
5 0 120.094 0.144034090909
9 1 119.351 0.0873015873016
2 1 109.181 0.625
0 1 122.706 0.143487394958
1 1 89.56 0.000520833333333
8 1 100.994 0.253846153846
9 0 145.064 0.0
1 0 90.487 0.192723942724
10 0 134.829 0.294117647059
3 0 134.476 0.334444444444
7 0 112.784 0.399116161616
7 1 105.191 0.117119047619
5 0 74.534 0.220679012346
7 1 105.999 0.291077441077
10 0 90.982 0.0905303030303
8 0 121.487 0.0
4 0 135.058 0.5
4 0 92.406 0.341071428571
1 1 164.147 0.0
7 1 98.333 0.0506684491979
4 1 151.009 0.46
7 0 175.735 0.165789473684
2 1 109.143 0.118181818182
7 1 120.111 0.0453125
7 1 116.433 0.6
10 1 82.788 0.0546875
9 1 84.715 0.6
8 1 101.462 0.00430194805195
4 0 165.602 0.444155844156
0 1 130.951 0.151313131313
0 1 124.031 0.137301587302
3 0 114.542 0.236111111111
7 1 155.786 0.214285714286
0 1 89.497 0.3
0 0 210.714 0.241666666667
10 0 95.029 0.225
0 1 100.283 0.0
1 1 95.875 0.215517241379
4 1 90.872 0.176489383632
4 0 130.271 0.258705357143
9 0 136.343 0.0104166666667
7 1 227.503 0.189333333333
1 0 91.997 0.172424242424
7 1 172.058 0.140336134454
5 1 108.074 0.4
10 0 121.166 0.234199134199
9 1 119.965 0.251851851852
9 1 135.817 0.0363136863137
4 0 101.988 0.337218963832
1 1 181.105 0.0346898790864
6 1 178.254 0.358333333333
2 1 114.408 0.125
2 1 89.005 0.0
0 0 117.382 0.133854166667
7 0 137.019 0.180200501253
0 1 104.137 0.218527537278
6 0 122.106 0.1375
3 1 90.035 0.125
6 0 139.081 0.01
4 1 197.096 0.0658970658971
0 1 135.202 0.166414141414
7 1 120.625 0.0532467532468
1 1 168.98 0.0
9 1 100.271 0.0
2 1 173.326 0.2375
2 1 130.435 0.201040357492
0 1 106.996 0.171111111111
2 1 128.118 0.118070175439
9 1 106.286 0.223223834989
7 1 95.874 0.0350545454545
2 1 126.928 0.335714285714
2 1 86.447 0.213157894737
10 1 122.546 0.39961038961
10 0 165.064 0.09875
2 0 227.607 0.112805735931
7 1 153.649 0.145833333333
4 1 159.88 0.0313725490196
9 0 83.986 0.00147058823529
6 1 191.944 0.210084033613
4 1 90.032 0.0
9 0 127.007 0.295588235294
4 0 140.406 0.166666666667
3 1 144.059 0.22803030303
7 1 201.132 0.43
3 0 130.731 0.143990929705
0 1 90.003 0.096
5 1 128.401 0.0510416666667
11 1 169.043 0.113181818182
3 1 101.808 0.32
9 0 64.303 0.062962962963
8 0 88.08 0.342548076923
6 0 89.318 0.378138528139
2 1 135.534 0.157083333333
6 0 108.681 0.0627990430622
9 0 90.134 0.214814814815
6 0 119.968 0.0
4 0 117.51 0.0
11 0 147.964 0.0829318530931
3 1 143.578 0.167708333333
11 0 199.854 0.05
8 0 127.234 0.0
5 0 123.707 0.198863636364
2 1 167.834 0.0759920634921
11 0 92.1 0.2
4 1 133.958 0.0191197691198
11 0 131.954 0.5
11 1 201.959 0.0
7 1 95.884 0.0
11 0 131.23 0.143939393939
11 0 205.28 0.0597222222222
3 1 130.02 0.45
7 1 105.209 0.095
6 1 132.013 0.0
9 1 84.524 0.103379028379
1 0 85.927 0.00648148148148
10 0 210.43 0.188461538462
10 0 197.801 0.39574829932
9 0 86.398 0.3125
9 1 94.318 0.196428571429
6 1 60.787 0.0
4 1 98.958 0.275
9 1 87.436 0.0611111111111
9 0 109.049 0.246875
7 1 183.004 0.0142436267436
11 0 111.654 0.000137362637363
9 1 109.356 0.243995966155
2 1 166.799 0.288888888889
7 0 123.969 0.2
7 1 164.934 0.0551587301587
7 1 86.417 0.202272727273
4 1 140.049 0.0404265873016
9 1 134.987 0.289912280702
9 0 128.555 0.00412157287157
7 1 142.48 0.0572222222222
0 1 85.809 0.127272727273
11 0 97.497 0.0562770562771
11 0 106.984 0.0375
7 1 128.295 0.00472027972028
1 0 90.289 0.381879251701
6 0 96.199 0.0625
2 1 140.017 0.0
0 1 143.025 0.0
2 1 120.359 0.105772425249
10 0 56.473 0.231755050505
4 1 110.027 0.0524350649351
7 1 115.324 0.00833333333333
4 0 135.043 0.0
4 1 107.378 0.0486666666667
0 1 117.686 0.0
4 0 94.937 0.0
2 1 130.768 0.0
4 1 146.81 0.167592592593
7 0 134.637 0.428354978355
2 1 88.323 0.5
6 0 156.634 0.366666666667
0 1 94.981 0.0
5 1 103.34 0.385463048856
0 1 130.703 0.0331686930091
1 1 145.133 0.45
4 0 161.949 0.285714285714
6 1 164.012 0.438888888889
3 0 89.966 0.261212121212
5 1 125.638 0.0819956319956
11 0 150.036 0.5
6 0 114.184 0.30534965035
0 1 131.45 0.222727272727
1 1 101.99 0.23354978355
10 1 84.784 0.260869565217
9 1 89.182 0.0335227272727
7 1 128.852 0.344444444444
11 0 120.745 0.0868333333333
6 1 184.054 0.377160493827
8 1 167.414 0.197789115646
2 1 103.358 0.200676406926
5 0 148.868 0.168792517007
3 1 132.617 0.0335714285714
0 1 89.992 0.55387755102
7 1 84.656 0.475757575758
5 1 71.145 0.29375
7 1 144.962 0.0874458874459
10 1 185.425 0.364438502674
0 1 109.992 0.0166666666667
7 1 136.817 0.0476911976912
9 0 152.646 0.0485227272727
7 0 131.949 0.280952380952
9 1 139.021 0.3825
1 1 152.182 0.41925
7 1 87.938 0.04
8 1 165.261 0.49880952381
1 0 179.606 0.0
9 1 123.64 0.125757575758
0 1 161.243 0.259848484848
2 0 99.012 0.516666666667
0 1 213.215 0.3
11 1 136.108 0.247186147186
3 1 122.122 0.0291666666667
6 1 95.837 0.161
6 1 85.087 0.0825892857143
0 1 140.112 0.15
5 1 159.847 0.0433608405483
4 0 130.009 0.18962585034
9 0 199.901 0.0442606516291
3 1 150.091 0.0200091575092
8 1 127.977 0.0545918367347
5 0 204.49 0.364571428571
11 0 127.494 9.25185853854e-18
10 1 90.951 0.35
7 1 177.849 0.130303030303
10 1 143.766 0.14705988456
0 1 91.592 0.171625
2 1 92.59 0.208333333333
4 1 106.837 0.0
0 1 126.171 0.0
5 0 126.956 0.138516746411
4 0 147.85 0.3125
5 1 96.239 0.458333333333
5 1 126.32 0.714455782313
11 0 160.03 0.0
0 1 85.353 0.159027777778
1 1 184.577 0.0632867132867
4 1 158.254 0.251428571429
9 0 143.785 0.0520833333333
4 1 159.983 0.389855072464
5 1 108.401 0.418518518519
11 1 83.087 0.06
11 1 100.177 6.93889390391e-18
9 1 133.278 0.00848214285714
8 1 112.009 0.18125
11 0 79.213 0.25
1 1 75.734 0.409428571429
7 1 127.951 0.103623188406
5 0 127.503 0.095
8 1 151.946 0.0694805194805
2 1 185.897 0.0
7 1 138.132 0.165714285714
2 1 233.794 0.0
4 0 111.882 0.302413793103
5 0 170.687 0.191964285714
2 1 170.801 0.0
6 1 215.103 0.0176217532468
5 0 96.979 0.327160493827
9 1 139.907 0.0595238095238
0 1 122.199 0.1625
7 1 105.959 0.0738636363636
11 0 81.519 0.566666666667
8 1 177.802 0.502597402597
5 0 218.132 0.3
0 1 89.879 0.102462121212
7 1 139.229 0.0882936507937
6 1 118.295 0.313636363636
0 1 151.376 0.113541666667
5 1 94.057 0.1625
1 1 147.53 0.0
2 1 122.845 0.196354166667
1 0 69.978 0.0203896103896
2 1 100.462 0.075
6 1 100.566 0.246590909091
2 1 101.359 0.0
5 0 85.997 0.343650793651
5 1 117.985 0.18125
4 0 73.191 0.164382896016
2 1 90.986 0.241071428571
8 1 140.56 0.230303030303
11 1 112.928 0.185
7 1 201.003 0.232308201058
11 1 160.041 0.334693877551
0 0 177.262 0.0030303030303
6 1 89.049 0.0191558441558
2 0 190.044 0.422857142857
2 1 100.258 0.15675
7 1 208.736 0.166666666667
9 1 108.936 0.425862068966
4 0 193.455 0.0813131313131
0 1 160.018 0.0
11 1 163.865 0.0
4 1 122.152 0.270833333333
4 0 170.926 0.179563492063
6 1 110.288 0.0731818181818
7 1 148.172 0.32074829932
11 1 211.833 0.0
2 0 120.021 0.144444444444
11 1 118.005 0.18518907563
7 1 83.362 0.173085016835
3 1 143.674 0.353794642857
2 1 139.047 0.0
6 1 94.178 0.118253968254
0 1 91.027 0.263157894737
2 1 121.96 0.0894230769231
9 0 99.044 0.0333333333333
10 0 95.181 0.0
8 1 122.029 0.0
9 1 157.285 0.222222222222
0 1 111.975 0.255844155844
0 1 163.995 0.0
0 0 109.743 0.0
7 1 121.256 0.5
7 1 220.81 0.236263736264
3 0 123.436 0.0631578947368
5 0 93.359 0.173428571429
2 1 136.124 0.397272727273
10 0 130.046 0.428571428571
0 1 160.028 0.04
1 1 87.455 0.0
7 1 89.188 0.138636363636
0 1 113.892 0.120519480519
7 1 145.103 0.146676852559
1 1 168.123 0.0
2 1 169.55 0.0633333333333
1 1 157.098 0.0
0 1 112.005 0.142592592593
8 1 195.639 0.0366666666667
9 0 84.543 0.284090909091
9 0 91.654 0.678674055829
4 0 109.176 0.0
0 0 120.003 0.0875
7 1 80.025 0.0144545454545
3 1 121.103 0.1
9 1 167.941 0.0
5 0 84.931 0.141531986532
8 1 100.798 0.0682142857143
0 1 68.184 0.331171679198
1 0 102.62 0.15
4 0 140.008 0.272619047619
9 0 76.181 0.0544117647059
11 0 167.005 0.564029045279
8 0 110.761 0.025462962963
1 1 130.001 0.0
9 0 80.567 0.283333333333
5 1 100.05 0.108333333333
11 0 137.4 0.0296875
0 1 129.981 0.0
7 1 119.437 0.163265306122
5 1 121.737 0.0831818181818
0 1 127.395 0.0
7 1 217.161 0.0211038961039
10 1 182.819 0.147108843537
10 0 158.059 0.144444444444
6 1 138.592 0.0801484230056
9 1 185.793 0.606493506494
1 1 130.607 0.0793650793651
0 1 123.296 0.00751082251082
10 0 167.975 0.0615151515152
4 1 170.002 0.44
6 0 98.086 0.106818181818
7 1 186.484 0.34268707483
9 1 115.802 0.0
0 1 101.337 0.0
11 0 178.849 0.103125
11 0 92.032 0.333333333333
